13
54
67
10
50
16
90
43
34
50
53
60
5
81
61
75
78
91
87
52
69
19
11
5
22
16
60
89
44
38
80
75
82
59
7
1
8
52
81
22
82
100
86
4
44
63
91
46
32
49
72
99
24
54
7
90
7
31
22
48
82
85
97
95
26
38
25
69
52
66
2
75
33
45
63
45
57
13
98
28
99
56
72
36
72
79
41
47
29
6
44
76
66
14
5
71
45
96
54
88
71
44
1
3
44
40
58
18
64
68
68
2
15
56
74
87
26
31
56
5
32
77
33
13
29
96
45
17
77
53
72
7
22
59
73
79
44
96
13
48
22
83
27
30
73
62
87
71
59
79
47
56
6
77
44
70
81
29
89
52
54
72
59
81
61
51
88
28
85
65
78
6
82
50
16
45
12
54
26
53
45
45
55
37
25
4
66
97
53
23
40
37
8
60
19
35
61
26
40
30
37
11
30
28
99
84
45
59
67
35
58
16
33
86
6
63
38
1
81
33
55
15
51
67
54
75
94
71
4
70
62
52
36
61
29
86
56
26
73
37
15
94
67
4
60
84
59
84
39
76
56
94
6
76
3
82
10
52
33
11
93
45
32
94
29
57
1
68
65
1
2
72
50
83
6
93
34
64
42
95
73
34
83
92
56
5
36
54
79
37
35
7
67
12
79
85
45
32
57
97
33
80
40
92
89
7
85
22
79
38
46
76
57
20
44
27
43
83
36
60
21
53
63
38
33
85
90
67
62
42
29
72
23
63
48
52
21
30
18
88
49
90
36
82
46
96
45
86
38
60
75
76
55
35
22
7
93
49
47
5
34
51
42
37
78
54
98
76
56
33
30
59
41
66
44
32
32
73
5
36
51
93
87
4
22
2
30
16
17
37
23
95
12
31
71
16
48
19
7
31
97
31
29
49
48
41
72
77
74
28
94
16
99
11
68
83
53
80
80
84
19
2
22
7
80
58
50
36
33
38
32
5
53
22
51
75
87
84
75
27
70
80
60
26
10
62
54
74
51
8
18
21
61
31
1
8
8
50
17
5
2
45
31
37
7
40
44
96
51
45
7
34
24
69
6
43
85
48
37
51
9
73
82
15
56
27
46
75
18
2
98
30
70
57
19
49
37
41
72
20
7
37
20
24
72
43
39
92
66
63
24
94
58
42
8
82
92
65
26
30
30
60
5
60
67
40
2
16
74
10
64
61
9
49
49
6
73
52
7
56
22
89
14
51
53
97
70
6
30
14
12
68
47
20
62
60
8
68
13
5
65
35
61
89
66
26
74
47
49
49
83
63
95
30
69
98
17
6
49
49
56
65
5
82
13
29
4
63
29
45
80
92
7
12
54
73
76
99
81
67
79
14
27
71
7
36
35
17
20
41
82
66
7
52
30
66
60
73
60
7
19
43
47
67
13
70
83
92
97
76
1
18
78
4
34
99
3
35
69
99
2
92
57
63
77
12
49
1
80
4
13
66
50
48
74
68
4
81
86
42
83
40
80
69
53
73
10
6
93
26
45
75
42
38
88
20
48
17
69
36
63
78
24
1
47
93
40
52
21
85
75
68
41
39
79
55
100
89
22
89
41
35
19
52
23
5
8
76
7
35
3
48
96
90
8
21
51
37
6
27
97
4
90
76
3
20
39
11
5
39
7
20
74
75
8
85
25
63
83
54
42
73
67
32
65
24
74
43
86
61
6
90
61
78
46
69
34
36
54
84
15
27
34
8
98
62
22
63
91
39
24
60
29
36
80
83
18
17
7
36
99
38
43
23
99
47
88
38
5
58
46
1
43
49
5
57
74
46
7
11
80
47
78
37
36
82
5
38
93
31
53
51
67
85
16
76
45
23
60
92
2
29
26
10
86
77
79
5
70
36
96
57
22
47
23
32
16
13
19
32
89
86
5
18
12
34
39
95
87
61
48
72
50
28
80
85
12
10
56
83
15
59
58
38
7
46
14
19
96
10
22
66
91
54
8
54
50
53
5
45
9
79
25
79
42
82
28
76
53
28
56
92
41
32
39
77
44
52
35
15
14
8
49
68
31
22
48
86
85
90
66
17
44
57
63
28
58
26
24
29
71
86
79
60
95
81
17
48
30
5
38
74
67
10
96
2
13
63
99
17
2
19
19
66
87
71
19
93
67
90
43
83
54
28
81
78
26
98
74
29
64
25
23
31
6
16
98
4
48
76
84
24
72
51
61
51
63
100
52
48
35
62
16
53
37
39
91
89
10
60
60
99
97
19
10
13
59
8
87
49
48.369
48.36863136863137